39 40
38 39
37 38
42 43
38 40
36 37
35 36
28 31
45 46
44 45
37 39
25 29
19 21
2 3
36 38
37 40
44 46
23 25
27 28
42 45
43 46
22 24
35 37
42 46
43 45
10 31
9 10
42 44
18 23
27 31
9 27
4 8
32 37
5 7
10 28
11 25
23 29
2 47
10 27
8 12
36 39
43 44
35 38
31 38
18 25
32 38
32 36
36 40
11 23
31 40
18 27
9 18
14 30
31 39
3 9
31 32
13 16
11 29
24 26
2 9
1 2
25 27
3 10
31 37
5 41
3 6
3 38
14 15
9 25
28 32
28 38
9 31
9 28
10 15
3 27
30 32
3 31
6 38
6 31
6 10
15 27
20 23
18 29
11 18
2 27
37 47
9 11
32 39
6 39
28 39
23 27
26 28
2 31
9 15
27 29
6 28
7 41
38 47
5 11
5 29
3 39
35 40
35 39
28 40
2 10
9 29
9 23
6 40
32 40
5 25
3 28
3 37
30 31
3 47
3 40
27 38
6 37
2 6
11 27
28 37
15 28
6 32
36 47
32 35
6 8
7 29
1 3
10 38
2 28
4 6
27 39
31 36
10 18
11 20
2 18
15 25
15 18
5 9
33 47
3 4
18 20
32 47
35 47
10 11
18 28
10 25
15 31
29 41
25 28
27 40
27 32
10 39
1 47
15 16
7 9
31 47
2 25
32 33
12 26
9 38
25 41
15 23
10 14
10 37
16 28
2 38
3 32
7 25
18 31
7 11
4 12
13 26
9 39
10 40
14 17
9 40
5 23
8 32
16 26
2 37
40 47
2 32
3 5
6 13
10 13
39 47
27 47
3 25
28 47
26 27
5 18
28 36
25 31
3 7
2 39
23 31
8 26
2 41
10 23
21 24
3 18
4 36
2 33
6 27
26 31
15 30
6 9
28 30
15 20
2 11
10 32
23 28
11 41
2 5
2 29
20 25
9 41
27 37
4 37
6 16
9 47
28 33
31 33
11 15
3 11
2 7
3 36
34 36
27 33
2 15
11 28
30 33
2 40
28 29
16 31
3 41
10 29
34 37
2 23
5 27
15 47
10 16
27 41
34 35
19 24
6 36
12 13
27 30
3 15
3 23
29 31
18 41
12 24
14 28
4 32
29 44
11 31
17 19
29 45
25 45
2 36
21 22
33 38
3 33
7 23
10 47
16 17
3 29
30 47
8 24
25 44
13 28
16 24
11 33
2 4
6 14
39 41
6 47
23 41
33 37
7 27
26 32
25 33
9 37
13 31
31 35
10 36
25 38
18 47
9 32
18 38
25 40
1 32
15 17
4 38
34 38
15 33
33 39
12 21
14 33
14 32
25 39
14 27
6 15
7 18
41 47
3 14
15 29
11 38
2 14
21 26
20 29
18 40
4 35
9 14
4 26
26 30
14 31
25 47
27 36
33 36
38 41
23 33
23 38
10 30
14 16
11 47
30 37
31 41
6 30
30 38
30 36
5 10
18 39
8 37
17 30
28 41
33 40
15 32
28 35
19 26
40 41
25 32
8 13
2 30
8 16
18 33
9 45
29 38
10 33
16 27
23 47
1 6
13 14
7 10
16 30
33 41
9 33
8 19
24 32
23 39
8 21
10 26
3 35
25 46
14 47
18 32
15 38
3 8
14 18
30 39
12 28
23 40
23 45
9 20
9 13
4 47
6 25
19 30
26 40
8 36
34 39
4 10
34 40
3 30
8 30
2 35
25 42
7 44
8 14
6 18
23 44
26 38
16 19
5 31
12 16
16 32
11 14
10 41
29 40
5 15
4 19
5 28
4 40
9 30
37 41
1 31
14 26
18 30
15 40
9 44
15 39
11 32
11 40
12 14
20 27
11 39
13 15
3 13
26 36
6 11
12 19
2 8
25 43
24 28
25 37
4 31
1 9
18 37
29 42
24 31
8 38
8 28
4 16
12 32
6 33
29 47
23 32
6 35
6 26
5 6
4 39
4 30
24 30
11 37
32 41
15 41
23 42
9 42
29 39
4 13
8 17
29 43
29 33
6 7
8 10
12 31
14 25
9 36
5 20
5 38
6 12
26 39
4 34
15 26
7 38
27 42
13 17
27 45
7 15
14 20
30 40
13 27
30 35
7 45
6 41
29 46
7 31
4 24
29 32
8 35
6 29
18 45
14 19
10 20
27 44
8 31
13 40
23 37
26 37
13 38
18 44
33 35
1 27
5 47
19 28
9 16
4 21
21 31
7 28
13 24
7 39
1 4
9 46
13 32
19 32
1 18
5 33
23 30
5 37
26 35
16 21
2 20
34 47
1 10
21 28
20 28
1 8
25 30
13 39
14 23
1 28
26 34
5 32
15 37
23 43
10 19
14 37
18 42
10 35
6 17
4 28
3 16
3 20
20 33
4 14
16 40
17 33
1 37
29 37
8 40
5 44
1 33
5 39
1 7
24 27
7 40
6 23
25 26
8 39
7 32
4 17
27 43
11 45
13 19
19 31
14 24
1 36
2 45
19 20
1 38
36 41
8 47
16 39
1 5
11 30
38 45
1 15
2 13
9 43
28 34
1 39
10 12
7 37
11 44
17 26
17 21
27 35
23 46
5 40
21 40
19 27
11 36
12 35
21 38
6 34
12 40
14 38
40 45
13 21
8 34
27 46
1 29
14 29
26 47
5 45
2 16
12 30
10 24
30 41
7 33
1 14
40 44
24 38
32 34
26 33
41 45
2 46
20 31
1 30
20 30
8 15
25 36
21 32
18 36
14 39
18 46
18 43
16 33
12 37
38 44
18 19
41 44
39 45
15 45
16 18
31 34
16 20
10 42
17 28
2 42
1 25
29 30
13 36
7 47
10 17
5 30
5 14
14 40
8 27
7 20
12 34
12 17
12 38
11 42
1 41
3 45
5 42
10 45
24 36
17 20
3 12
6 19
19 23
13 33
2 44
11 13
14 36
12 36
7 42
13 37
14 41
12 27
19 38
17 32
1 11
4 27
15 42
17 24
15 36
20 41
15 44
7 46
41 46
19 25
9 26
3 26
21 39
1 40
6 21
37 45
15 43
23 36
28 44
17 31
3 44
2 26
1 35
20 47
3 42
39 44
31 45
13 30
16 38
19 40
5 36
1 23
19 36
2 17
4 9
13 47
38 42
8 9
7 30
37 44
21 30
40 42
31 44
7 36
3 19
10 44
10 43
19 33
30 34
12 39
11 46
2 43
40 46
15 19
7 43
16 25
24 33
45 47
5 46
29 36
38 46
2 12
28 45
15 46
9 19
4 15
2 19
24 39
11 16
39 42
13 34
10 21
18 26
21 35
3 34
21 25
12 47
41 42
20 38
9 35
41 43
24 40
21 37
13 18
3 24
20 32
40 43
3 46
21 23
39 46
11 26
11 43
15 24
21 27
20 39
3 17
13 29
28 42
18 24
16 47
2 24
9 12
38 43
24 47
4 33
16 36
24 37
24 35
17 40
13 35
8 33
16 23
1 16
5 43
9 24
1 12
1 20
7 14
1 45
6 24
7 35
6 20
14 35
9 17
20 40
10 46
31 42
11 19
16 34
19 39
33 45
11 17
35 41
19 35
39 43
37 42
17 27
21 36
13 25
21 34
13 41
21 33
20 42
19 37
28 43
27 34
25 35
11 24
21 47
19 47
2 34
20 26
23 26
20 37
11 12
13 20
19 34
17 39
16 41
17 18
16 37
33 42
37 46
16 35
42 47
7 16
31 46
16 22
44 47
18 35
5 13
5 8
17 38
20 24
17 47
3 43
15 21
20 21
19 29
4 11
16 29
13 23
8 11
5 16
20 43
6 44
8 20
43 47
37 43
36 45
33 44
33 34
1 44
32 45
20 44
29 35
28 46
6 45
31 43
2 21
26 29
20 45
11 35
12 15
3 21
12 33
24 25
23 35
17 25
1 13
17 37
36 46
36 44
4 41
33 46
18 21
1 34
4 18
19 22
4 5
24 34
32 44
4 25
23 24
46 47
11 21
6 46
14 45
12 25
8 25
15 35
14 21
6 43
14 34
33 43
7 13
4 7
30 45
9 34
12 20
24 29
5 35
1 42
4 23
32 46
9 21
17 35
17 36
17 23
21 29
7 8
17 34
7 24
14 44
5 24
6 42
10 34
14 42
12 41
1 17
1 21
1 43
20 46
12 29
36 42
34 41
35 45
20 36
30 44
4 20
16 44
17 29
30 42
8 41
26 41
11 34
7 26
32 43
1 46
24 41
4 22
12 22
7 19
26 45
30 43
1 24
30 46
5 17
26 44
32 42
7 21
7 12
21 41
12 23
26 42
5 19
12 45
16 45
14 43
8 18
19 41
1 19
20 35
14 46
36 43
4 29
16 43
17 41
35 46
8 22
5 12
8 23
5 26
8 29
5 34
5 21
16 46
4 46
4 45
26 43
16 42
12 18
18 34
24 45
7 34
12 44
17 45
25 34
12 43
19 45
19 46
21 42
35 44
21 45
35 43
12 42
22 23
12 46
35 42
13 22
22 27
7 17
13 42
9 22
20 22
13 45
13 44
22 36
13 43
34 43
1 22
7 22
34 42
34 44
1 26
10 22
8 46
8 42
8 43
8 45
8 44
34 45
34 46
22 38
29 34
26 46
3 22
22 25
21 46
21 44
21 43
6 22
20 34
13 46
14 22
19 44
19 43
15 22
15 34
18 22
17 46
17 44
17 43
17 42
4 42
4 43
4 44
17 22
5 22
22 26
22 28
22 29
22 44
2 22
11 22
24 46
24 44
24 43
24 42
23 34
22 47
22 46
22 45
22 43
22 30
22 42
22 41
22 40
22 39
22 37
22 35
22 34
22 33
22 32
22 31
19 42
