37 39
36 38
38 40
37 40
36 39
30 31
37 35
36 37
3 2
36 35
38 35
38 39
36 40
28 27
36 47
39 40
32 33
37 38
37 47
30 28
39 35
47 38
38 41
13 12
39 41
47 35
10 9
40 35
32 31
37 41
3 4
41 40
30 32
47 39
28 29
41 47
35 34
27 26
36 41
27 29
6 4
30 27
10 11
18 20
7 5
21 22
9 11
6 7
28 26
47 40
27 25
14 10
39 34
10 8
9 8
40 34
38 34
23 18
2 6
28 32
3 1
2 4
37 34
15 16
35 41
17 16
14 11
28 25
14 13
30 33
2 38
25 26
3 6
6 5
6 9
1 2
39 32
15 17
6 8
31 33
1 4
9 14
3 47
32 38
30 26
19 21
10 13
2 39
37 2
32 27
19 20
14 12
31 27
1 38
44 42
2 36
15 14
19 22
30 29
24 21
29 31
14 27
3 39
3 7
32 40
28 14
2 47
36 34
32 47
5 2
19 24
29 26
14 8
3 40
23 20
19 18
28 33
10 12
45 43
3 36
7 9
2 7
41 1
4 35
42 45
37 33
36 33
1 39
2 40
44 43
31 26
2 41
8 13
24 23
29 33
27 33
1 37
38 33
41 33
2 35
1 36
6 37
1 7
32 35
3 5
38 4
33 35
13 9
10 6
47 33
44 46
47 4
30 25
39 4
19 17
32 26
3 37
30 38
21 20
39 33
5 9
41 32
3 38
9 3
1 5
32 6
6 36
31 25
8 11
3 8
1 33
22 23
7 4
1 35
15 10
4 5
14 26
28 9
40 33
1 40
2 9
13 11
16 24
10 32
15 27
30 37
4 40
17 24
14 17
42 46
14 16
26 13
46 43
30 10
19 23
44 45
10 2
32 9
30 36
3 10
19 16
30 39
29 32
15 25
10 7
41 3
30 8
15 28
9 39
1 32
26 12
3 35
37 31
42 43
1 47
14 31
1 8
16 23
15 26
8 12
38 9
17 20
7 8
41 7
30 9
16 26
12 11
10 1
32 14
20 24
3 32
33 11
15 13
27 11
21 17
6 35
2 33
47 5
9 12
25 33
15 30
3 14
26 33
15 8
28 10
10 26
30 6
15 12
10 4
40 44
28 11
16 22
33 5
9 1
16 25
38 10
41 34
30 11
28 1
38 27
27 16
29 11
2 32
9 33
7 40
31 36
9 4
30 40
15 32
41 5
16 12
33 34
41 6
17 26
3 33
39 8
31 1
32 34
7 38
31 47
41 9
4 34
10 37
3 30
47 10
15 19
2 8
38 8
31 8
40 9
28 24
40 42
37 27
14 30
21 26
4 33
40 5
24 25
22 18
22 17
45 46
16 20
18 21
21 16
9 47
28 47
30 16
7 33
31 11
6 11
25 32
21 23
15 11
31 35
15 29
30 24
8 26
5 10
8 40
30 17
47 8
15 9
4 30
24 15
23 17
28 8
7 47
39 27
10 33
14 25
39 7
8 35
36 4
39 5
25 17
14 4
37 4
8 17
15 31
8 16
19 26
7 37
9 37
27 24
14 33
16 9
18 16
17 12
35 30
18 25
33 8
39 44
31 41
30 41
25 20
6 13
7 32
32 11
26 9
28 17
17 27
15 6
5 8
14 7
17 11
28 2
10 16
12 6
24 18
27 23
37 28
6 34
41 4
31 2
47 27
27 13
35 26
28 13
31 40
10 29
6 33
28 36
38 14
9 29
41 27
32 16
15 23
28 41
3 11
2 27
27 6
37 5
20 22
19 28
11 1
27 8
4 13
10 39
14 29
1 27
29 5
10 17
17 13
11 26
16 13
3 31
40 26
41 10
28 35
28 40
19 27
23 28
14 39
47 11
32 36
38 31
32 17
31 4
24 31
29 20
15 20
2 34
38 5
33 15
37 14
16 11
28 12
35 5
41 44
4 11
36 27
6 40
39 42
5 14
36 26
3 27
38 44
9 27
5 32
41 29
36 9
18 29
10 36
31 13
32 4
11 2
47 44
27 40
37 8
29 39
13 32
25 10
15 18
7 36
28 4
39 26
23 31
17 31
35 7
7 31
27 18
40 45
35 10
6 26
32 8
24 13
30 13
23 26
18 17
36 5
21 15
14 19
30 12
40 11
13 34
9 17
14 1
31 34
30 2
29 16
3 28
7 28
20 14
41 14
40 29
29 38
36 14
32 12
31 12
14 40
15 22
31 16
10 40
8 34
3 15
15 47
27 5
12 27
41 8
1 15
24 14
25 22
26 47
39 11
29 17
29 24
2 15
15 4
7 30
34 42
18 26
37 11
27 7
20 26
7 15
35 12
26 4
28 20
28 16
35 13
24 26
35 27
41 42
5 44
6 17
38 26
28 34
21 12
25 13
25 5
9 25
25 11
14 35
35 9
17 33
12 34
28 18
14 47
17 4
29 13
37 44
38 13
15 37
29 6
4 16
41 11
35 44
41 25
34 30
5 30
37 29
10 31
19 31
32 24
5 31
28 22
13 33
3 17
26 1
39 25
27 22
18 11
4 27
21 27
25 38
39 45
20 33
30 22
4 12
19 8
13 3
33 16
36 13
29 8
39 13
38 12
9 20
19 25
24 33
28 21
15 36
40 43
44 34
25 6
13 37
37 26
10 19
38 6
36 11
15 39
23 30
30 20
29 47
40 12
28 5
11 35
38 42
21 14
24 10
37 32
37 16
34 10
1 29
35 42
37 12
19 32
29 3
13 5
38 15
7 11
12 19
2 26
33 12
7 13
25 40
39 12
3 16
19 13
23 33
38 11
13 2
15 40
22 13
29 35
36 16
2 16
1 6
34 5
10 18
7 12
10 27
21 13
29 12
2 17
31 39
25 37
34 7
29 36
25 3
21 30
3 12
13 47
23 11
28 38
20 10
16 1
29 2
37 42
1 17
8 25
16 47
12 25
47 45
7 44
36 44
40 13
15 5
34 45
10 23
25 47
7 26
41 45
35 16
27 34
28 31
7 17
33 18
5 12
29 34
1 25
20 12
30 47
17 36
35 15
32 20
24 9
22 14
8 21
34 9
24 12
23 14
47 42
19 9
17 37
26 41
18 13
44 33
13 1
17 38
25 21
14 18
2 25
3 26
22 12
29 44
26 34
25 36
29 4
9 23
35 24
19 6
24 6
17 39
25 29
5 42
40 46
25 35
38 45
9 18
44 11
7 29
23 32
19 33
2 12
17 40
36 8
19 11
39 43
32 21
22 24
29 19
33 42
21 10
36 42
17 35
32 22
18 5
5 45
35 45
11 34
29 21
18 30
21 31
16 34
17 5
20 8
41 15
17 47
9 44
36 12
26 5
23 13
8 24
39 24
16 7
11 24
16 40
13 41
16 5
8 22
2 44
30 19
44 6
29 42
10 22
24 47
7 42
28 39
19 38
6 16
25 4
7 18
41 12
33 21
41 17
19 4
22 33
16 41
37 45
32 44
38 43
1 30
29 22
19 39
20 47
21 11
23 5
16 38
20 40
7 45
21 4
1 44
10 44
37 19
34 3
6 23
24 1
32 18
46 34
21 6
11 42
33 45
2 24
47 46
24 3
29 45
3 19
13 44
11 22
35 43
27 44
38 24
20 39
20 1
20 37
36 45
9 22
40 19
9 42
3 44
36 24
39 46
9 21
18 8
25 44
8 4
13 42
18 6
20 2
11 45
20 4
35 22
44 4
8 44
24 40
41 43
47 43
23 38
23 8
34 25
32 42
42 6
23 3
18 47
23 40
25 23
41 18
39 23
19 36
2 18
12 18
22 6
7 25
18 39
44 31
36 20
24 41
31 6
3 18
1 12
19 47
44 28
20 35
19 35
3 42
24 7
5 43
41 46
18 38
2 42
24 5
38 21
15 34
37 43
47 22
23 47
9 45
23 41
38 46
24 37
10 42
23 37
33 43
36 43
43 34
21 47
40 21
21 37
32 45
1 23
3 45
1 42
17 34
30 44
27 42
39 21
18 40
31 42
22 36
45 6
2 19
18 1
23 35
10 45
29 43
3 20
35 46
5 46
42 25
24 34
28 42
22 3
26 44
2 21
45 13
4 42
2 45
25 45
7 46
22 39
3 21
34 21
41 20
8 42
23 36
4 22
22 2
30 42
36 21
22 5
23 2
7 43
40 22
12 44
4 24
29 46
9 43
32 43
23 12
14 44
26 42
18 35
45 4
9 46
41 19
46 33
21 41
26 22
15 44
27 45
18 36
11 43
1 22
3 43
38 20
39 16
30 45
13 43
38 22
44 17
2 14
20 44
28 45
45 1
45 31
18 37
23 44
43 6
46 36
22 37
46 11
15 42
17 42
28 6
1 43
10 43
2 46
14 45
42 12
25 43
1 21
23 4
22 41
23 29
27 43
43 31
42 16
15 45
3 46
43 28
23 42
14 42
45 12
43 8
1 19
5 21
2 43
10 46
18 44
46 6
44 24
43 12
6 39
24 42
30 43
4 18
25 46
37 46
7 22
34 23
27 46
23 45
15 43
46 32
45 8
19 7
16 44
7 23
8 46
30 46
45 26
20 46
11 5
19 5
46 4
16 43
14 43
13 46
43 4
17 43
20 45
16 45
18 45
15 46
46 12
21 7
42 18
18 43
1 46
23 43
45 17
31 46
23 46
19 44
47 12
31 18
26 43
22 42
18 46
21 35
46 14
42 19
43 19
45 21
21 46
42 21
34 1
46 28
34 22
26 46
43 22
47 6
44 21
45 22
9 31
46 22
22 31
20 7
44 22
43 24
34 18
34 14
42 20
6 14
21 43
31 20
19 45
34 47
45 24
46 17
16 46
34 20
46 19
20 43
24 46
27 20
5 20
34 19
13 20
20 6
11 20
