6 7
18 19
19 20
18 20
18 24
18 25
2 3
11 13
19 24
19 25
10 24
7 15
4 21
24 25
9 26
4 23
4 16
6 15
5 23
9 15
20 24
7 9
1 4
20 25
13 21
21 23
8 19
15 26
12 25
6 12
6 9
7 12
15 24
16 23
10 18
4 5
10 25
2 7
8 18
1 11
15 25
16 21
15 18
10 19
11 21
10 12
12 18
12 15
4 11
5 21
3 8
3 9
4 13
2 6
12 24
1 21
8 14
2 15
7 26
15 19
25 26
1 13
12 19
3 26
8 24
2 10
2 12
8 20
2 26
18 26
10 15
7 10
6 26
10 26
7 25
9 25
11 16
7 24
2 25
2 9
3 15
24 26
3 18
3 24
10 20
1 23
19 26
2 8
1 16
9 24
3 19
4 15
13 16
12 26
6 10
2 24
3 7
7 16
7 18
15 21
2 18
6 24
9 18
15 16
8 25
6 25
3 25
9 10
2 16
5 16
4 7
15 20
9 16
9 19
2 4
7 19
3 6
7 21
11 23
9 12
6 18
22 23
12 20
2 19
13 23
3 16
4 18
15 23
14 22
8 15
9 11
2 21
4 12
4 9
8 26
16 24
3 4
6 16
5 22
9 21
4 19
3 12
16 18
3 10
2 11
4 24
4 6
16 25
6 19
11 26
3 20
16 26
1 9
5 13
1 7
7 11
11 15
7 23
1 5
3 21
12 21
6 21
13 15
3 11
4 10
4 26
7 13
2 23
9 13
2 13
3 17
20 26
2 14
16 19
1 26
12 16
1 15
1 2
18 21
6 23
14 15
5 11
11 25
8 10
4 25
8 9
3 13
11 19
5 15
4 8
13 26
1 3
11 18
2 17
9 23
12 13
23 24
10 16
4 22
21 24
21 26
1 18
7 8
1 19
21 25
11 24
8 12
13 18
1 12
17 26
9 20
1 6
1 24
3 22
15 22
19 21
13 25
11 12
1 10
7 20
12 23
6 13
10 21
14 18
8 16
2 22
10 11
4 20
1 25
13 24
3 14
10 13
2 20
14 19
5 7
6 11
3 23
18 23
2 5
19 23
13 19
14 24
10 23
23 25
5 6
6 8
8 11
7 22
17 24
3 5
14 23
16 22
8 22
6 20
14 25
19 22
5 9
21 22
17 18
16 20
10 17
12 14
23 26
1 8
20 21
18 22
5 24
22 24
8 21
1 20
8 17
11 20
8 23
17 19
9 22
6 22
5 12
9 17
14 26
4 14
8 13
17 25
5 18
5 19
10 14
9 14
14 20
7 14
5 10
20 23
20 22
13 20
12 22
14 21
1 22
14 16
1 14
22 25
5 25
5 14
6 14
10 22
15 17
22 26
5 26
5 8
12 17
5 20
7 17
11 14
13 22
17 20
14 17
1 17
11 17
11 22
13 14
4 17
16 17
6 17
17 22
13 17
17 21
17 23
5 17
