18 19
6 7
19 20
18 24
18 20
6 12
8 19
7 12
18 25
24 25
11 13
19 24
5 23
4 16
8 18
19 25
7 15
9 26
8 20
15 24
10 24
2 7
6 15
8 24
10 12
20 24
12 15
2 10
3 9
2 6
4 23
7 10
2 12
15 25
2 26
6 10
2 3
15 18
12 25
7 9
2 15
20 25
4 5
4 21
25 26
7 26
15 26
12 24
9 15
3 8
21 23
8 25
14 22
7 24
3 26
16 23
15 19
16 21
10 25
7 25
10 15
5 21
6 26
24 26
8 15
18 26
13 21
6 9
12 26
8 14
10 26
10 18
6 24
11 16
2 25
2 24
9 25
12 18
4 11
11 21
2 8
19 26
3 15
3 24
9 24
3 25
8 26
2 9
3 7
15 23
9 12
13 16
6 25
22 23
4 13
10 19
12 19
3 19
7 23
12 23
5 16
1 11
3 18
6 23
15 20
7 18
14 15
9 18
2 18
1 13
7 19
7 8
2 14
8 9
8 12
3 12
4 15
3 6
9 19
5 22
20 26
13 23
1 4
14 18
6 19
23 24
6 18
9 10
14 25
12 20
12 14
2 19
11 23
2 23
4 7
14 19
15 16
7 16
10 20
7 20
8 22
2 4
4 24
9 20
14 24
7 13
7 14
3 20
3 10
9 11
16 24
15 21
17 26
4 6
11 26
5 7
9 16
1 21
4 12
5 13
2 22
2 16
6 8
2 17
5 15
4 9
8 10
4 8
3 14
10 23
1 16
7 21
5 11
14 26
6 16
3 17
12 16
10 17
7 11
14 20
6 20
13 15
4 22
15 22
4 26
14 23
1 26
3 4
4 18
6 13
1 7
9 23
9 13
3 16
2 13
1 23
11 15
6 14
12 13
6 21
8 16
16 26
1 9
5 12
5 6
13 26
4 10
2 20
4 19
2 5
17 24
8 23
23 26
7 22
4 25
16 19
12 21
12 22
11 25
23 25
3 23
6 11
21 26
9 14
16 18
1 15
1 6
2 11
8 17
13 25
18 23
11 12
10 14
16 25
17 25
9 21
19 23
19 22
17 18
22 24
5 14
6 22
22 25
4 20
3 11
1 5
5 24
1 2
2 21
1 3
8 21
16 20
3 22
3 13
10 16
5 9
18 22
5 8
9 17
16 22
1 12
15 17
4 14
8 11
1 25
20 23
17 19
10 22
21 25
21 22
1 24
5 26
5 25
13 24
3 21
20 22
11 24
10 11
22 26
9 22
21 24
5 10
3 5
8 13
5 18
10 13
13 14
1 10
18 21
1 19
13 22
7 17
11 19
11 22
5 19
1 8
11 18
14 16
1 18
19 21
13 18
12 17
14 21
11 14
17 20
1 14
1 20
14 17
1 22
5 20
11 20
13 20
10 21
20 21
6 17
13 19
17 22
1 17
11 17
4 17
17 23
13 17
16 17
17 21
5 17
