6 7
18 19
19 20
18 20
18 24
18 25
19 24
19 25
24 25
9 26
7 15
4 16
6 15
2 3
20 25
12 25
20 24
4 23
9 15
10 24
7 9
4 21
15 26
15 25
11 13
6 9
8 19
15 24
6 12
7 12
10 25
15 18
8 18
12 18
7 26
7 10
5 23
10 12
21 23
25 26
12 15
6 26
12 19
6 10
15 19
7 25
12 24
10 18
13 21
9 25
6 25
1 4
10 15
10 19
16 21
4 5
16 23
8 14
7 24
18 26
7 18
8 20
9 24
6 24
4 15
12 20
3 8
24 26
10 26
19 26
9 18
9 19
5 21
9 10
12 26
11 21
1 11
6 18
8 24
1 13
7 19
4 13
4 11
15 16
1 21
9 12
2 7
15 20
2 26
3 9
6 19
10 20
15 21
15 23
4 18
4 7
8 15
1 23
2 15
6 16
4 25
7 23
4 24
6 23
4 12
3 15
7 16
16 18
2 6
8 25
4 19
4 6
4 9
9 16
2 12
16 25
3 26
20 26
16 24
23 25
16 19
7 20
21 25
7 21
1 16
23 24
9 20
6 21
12 16
2 10
4 10
2 8
3 19
3 25
4 26
21 24
6 20
12 23
11 16
12 21
16 26
18 21
3 18
11 23
2 9
1 15
13 23
2 25
23 26
1 25
18 23
10 16
1 26
9 23
3 7
9 11
14 22
1 9
5 13
13 16
22 23
19 23
3 24
1 24
9 21
10 23
5 16
1 7
15 22
19 21
1 12
3 17
1 6
8 26
10 21
3 6
21 26
8 12
14 15
4 20
1 18
11 26
9 13
2 17
2 24
7 11
11 15
1 10
3 14
13 25
11 25
1 19
8 9
2 19
8 22
3 12
13 15
7 8
13 26
6 11
5 22
4 22
7 13
11 18
12 13
11 24
5 15
8 17
16 20
2 18
6 13
3 10
4 8
10 11
10 13
13 24
1 5
17 24
11 12
14 19
13 18
17 26
5 7
3 20
5 6
20 23
13 19
11 19
14 18
6 8
2 14
5 11
17 25
8 10
2 4
17 19
3 16
3 4
2 16
2 22
14 24
2 23
14 23
10 17
9 17
7 22
17 18
14 17
3 22
20 21
14 25
5 12
12 14
21 22
4 14
18 22
19 22
2 13
5 25
2 5
3 21
1 20
15 17
1 2
5 24
7 14
14 20
2 21
8 16
3 23
8 23
16 22
22 24
13 20
9 22
2 20
11 20
8 21
3 13
6 14
5 9
14 21
14 26
6 22
5 10
7 17
5 26
5 19
9 14
5 18
2 11
10 14
22 25
1 3
5 14
3 11
14 16
22 26
12 17
1 8
5 8
8 11
20 22
8 13
3 5
12 22
6 17
17 20
17 22
13 22
11 17
5 20
10 22
4 17
1 17
13 14
11 22
11 14
17 21
13 17
16 17
1 14
17 23
1 22
5 17
